1.0 100.00000000027184 149.55694821707914
2.0 100.0000000052919 177.4449259524642
3.0 100.00000005146862 197.26696215295746
4.0 100.00000033447083 213.15278713143138
5.0 100.00000163848848 226.68258342041514
6.0 100.00000647218144 238.60706462520096
7.0 100.00002153264951 249.34669167425554
8.0 100.00006222241343 259.1650788506408
9.0 100.00015980890115 268.24068869214
10.0 100.00037140618979 276.7010975570631
11.0 100.00079237120964 284.64128289677194
12.0 100.00157012621317 292.134218776954
13.0 100.0029180273626 299.2374096905489
14.0 100.00512779611172 305.99712129186486
15.0 100.00857921137795 312.4512299961922
16.0 100.01374614358546 318.6312059363199
17.0 100.02119848268792 324.5635313058591
18.0 100.03159996782028 330.2707390042118
19.0 100.04570229610002 335.7721888928415
20.0 100.06433613982232 341.0846583926687
21.0 100.08839983314405 346.22279896207357
22.0 100.11884651900516 351.19949389317713
23.0 100.15667050093418 356.02614230291005
24.0 100.20289344993604 360.712887107881
25.0 100.25855099763211 365.2687999172774
26.0 100.32468012146681 369.7020323907156
27.0 100.40230760856639 374.01994120473523
28.0 100.49243977920254 378.22919204048986
29.0 100.59605356234684 382.33584674074274
30.0 100.71408894531766 386.34543684884824
31.0 100.84744276608829 390.2630260422141
32.0 100.99696377852587 394.0932634429075
33.0 101.16344889529636 397.8404293830927
34.0 101.34764049798781 401.5084748905255
35.0 101.55022469687508 405.1010559161496
36.0 101.77183042168124 408.62156313500475
37.0 102.01302922797213 412.0731480007836
38.0 102.27433571006725 415.45874561420436
39.0 102.55620841947665 418.7810948690231
40.0 102.85905119702956 422.04275626178276
41.0 103.1832148364306 425.2461276882863
42.0 103.52899900650766 428.39345849828584
43.0 103.89665436859906 431.48686203759866
44.0 104.2863848341546 434.5283268720098
45.0 104.69834991558619 437.5197268584155
46.0 105.13266713063096 440.4628302046141
47.0 105.58941442696955 443.3593076390414
48.0 106.06863259959408 446.21073979485345
49.0 106.57032767846391 449.0186238985429
50.0 107.09447326839462 451.7843798412274
51.0 107.6410128269176 454.5093557005353
52.0 108.20986186911422 457.19483277230563
53.0 108.80091009119919 459.8420301638845
54.0 109.41402340697735 462.4521089944183
55.0 110.04904589326023 465.0261762420657
56.0 110.70580164197051 467.5652882733117
57.0 111.38409651800923 470.0704540854913
58.0 112.08371982306285 472.54263829006936
59.0 112.80444586641782 474.9827638611499
60.0 113.54603544455715 477.39171467099044
61.0 114.30823723186701 479.77033783195753
62.0 115.09078908520632 482.11944586228833
63.0 115.89341926540304 484.43981869122774
64.0 116.71584757896699 486.73220551750893
65.0 117.55778644345307 488.99732653374394
66.0 118.41894187999326 491.2358745280509
67.0 119.29901443654913 493.4485163731413
68.0 120.19770004542765 495.6358944121101
69.0 121.11469081856085 497.7986277493075
70.0 122.04967578398315 499.9373134538889
71.0 123.00234156684954 502.0525276829486
72.0 123.9723730182359 504.14482673051805
73.0 124.95945379484765 506.2147480081613
74.0 125.96326689263654 508.2628109623835
75.0 126.98349513720177 510.2895179336325
76.0 128.01982163371633 512.2953549612586
77.0 129.0719301789893 514.2807925384295
78.0 130.13950563814296 516.2462863206704
79.0 131.2222342882526 518.1922777913913
80.0 132.31980413117046 520.119194887494
81.0 133.43190517763142 522.0274525879012
82.0 134.55822970461773 523.917453467623
83.0 135.69847248784225 525.789588219773
84.0 136.85233101110413 527.6442361477532
85.0 138.0195056541578 529.48176562966
86.0 139.19969986064007 531.302534556801
87.0 140.39262028749988 533.106890748073
88.0 141.59797693728711 534.8951723418198
89.0 142.81548327456582 536.6677081666592
90.0 144.04485632763945 538.4248180926737
91.0 145.28581677669357 540.166813364238
92.0 146.53808902939446 541.8939969156766
93.0 147.80140128490436 543.6066636708541
94.0 149.07548558721913 545.3051008277196
95.0 150.360077868665 546.9895881287551
96.0 151.65491798433797 548.6603981182083
97.0 152.95974973821657 550.317796386932
98.0 154.27432090162404 551.9620418055898
99.0 155.59838322467323 553.5933867469354
100.0 156.931692441282 555.2120772978262